The MSR portfolio
The maximum Sharpe ratio, or MSR portfolio, which lies at the apex of the efficient frontier, can be constructed by looking for the portfolio with the highest Sharpe ratio.

Unfortunately, the MSR portfolio is often quite erratic. Even though the portfolio had a high historical Sharpe ratio, it doesn't guarantee that the portfolio will have a good Sharpe ratio moving forward.




In [1]: RandomPortfolios
Out[1]: 
    AAPL weight  MSFT weight  XOM weight  JNJ weight  JPM weight  AMZN weight  \
0      0.000053     0.263110    0.007022    0.040087    0.000027     0.024316   
1      0.042360     0.034922    0.079355    0.043057    0.001435     0.202032   
2      0.207824     0.002132    0.005982    0.041657    0.007498     0.406642   
3      0.096565     0.016775    0.118409    0.037725    0.020013     0.045195   
4      0.131309     0.002733    0.002360    0.047573    0.050633     0.289410   
5      0.030217     0.004305    0.107714    0.029107    0.029903     0.188373   
6      0.007655     0.169038    0.023114    0.032340    0.004398     0.085970   
7      0.169201     0.209762    0.012899    0.021552    0.005978     0.319981   
8      0.268996     0.053900    0.002833    0.025432    0.008408     0.322627   
9      0.021353     0.069281    0.014999    0.036764    0.059347     0.134356   
10     0.167406     0.018348    0.025241    0.113060    0.023200     0.309083   
11     0.094205     0.146557    0.010402    0.019583    0.062857     0.273788   
12     0.012777     0.053918    0.019866    0.034819    0.039259     0.304745   
13     0.000445     0.087764    0.051641    0.062313    0.099403     0.282946   
14     0.105287     0.223079    0.055845    0.046822    0.033898     0.386452   
15     0.010113     0.126161    0.029105    0.010524    0.126614     0.270474   
16     0.032163     0.287307    0.066092    0.026823    0.023732     0.376692   
17     0.044244     0.019051    0.047196    0.000225    0.178764     0.340813   
18     0.048785     0.356973    0.013201    0.000384    0.129509     0.334926   
19     0.145399     0.065250    0.058789    0.278565    0.003622     0.000904   
20     0.046151     0.058439    0.089947    0.220340    0.024723     0.047716   
21     0.081322     0.106611    0.048776    0.320338    0.050057     0.005625   
22     0.089644     0.044089    0.114276    0.258648    0.053039     0.036644   
23     0.050343     0.049276    0.061947    0.364314    0.018871     0.071619   
24     0.038888     0.088030    0.051177    0.351303    0.029853     0.067092   
25     0.055276     0.128182    0.103368    0.342727    0.020867     0.008434   
26     0.024321     0.044714    0.003673    0.307706    0.056154     0.001024   
27     0.086586     0.015225    0.045223    0.340999    0.028686     0.034818   
28     0.095508     0.023499    0.091694    0.329482    0.092723     0.039612   
29     0.009149     0.007766    0.115405    0.209484    0.256138     0.005153   
30     0.030006     0.024362    0.190152    0.042507    0.205225     0.021725   
31     0.057232     0.061136    0.068663    0.192167    0.296906     0.033933   
32     0.019616     0.057628    0.093644    0.124549    0.230820     0.041911   
33     0.018652     0.045599    0.166631    0.213154    0.161138     0.043604   
34     0.123058     0.030525    0.024123    0.228753    0.184660     0.072268   
35     0.015458     0.017237    0.192526    0.199121    0.198919     0.055857   
36     0.031254     0.002058    0.072222    0.266291    0.194563     0.049253   
37     0.085198     0.057888    0.084809    0.243223    0.160696     0.003360   
38     0.007554     0.005733    0.007244    0.166724    0.382356     0.017941   

    GE weight  FB weight  T weight   Returns  Volatility    Sharpe  
0    0.355899   0.299400  0.010087  0.127453    0.171565  0.742884  
1    0.225924   0.362324  0.008590  0.138614    0.182723  0.758601  
2    0.064929   0.229260  0.034075  0.155952    0.201185  0.775170  
3    0.512282   0.153015  0.000020  0.118787    0.148958  0.797450  
4    0.313717   0.157123  0.005141  0.138304    0.171473  0.806565  
5    0.269350   0.332927  0.008105  0.142316    0.175777  0.809639  
6    0.263038   0.360287  0.054160  0.142178    0.175248  0.811296  
7    0.227702   0.025310  0.007615  0.143907    0.176766  0.814110  
8    0.148876   0.139105  0.029822  0.149417    0.182563  0.818441  
9    0.309673   0.332525  0.021702  0.142921    0.174062  0.821093  
10   0.053149   0.288906  0.001606  0.156732    0.190583  0.822381  
11   0.084983   0.293374  0.014251  0.166175    0.194416  0.854738  
12   0.081830   0.350323  0.102465  0.172652    0.194298  0.888590  
13   0.064836   0.341587  0.009066  0.176663    0.195505  0.903623  
14   0.016693   0.112212  0.019712  0.174547    0.193093  0.903951  
15   0.073727   0.317116  0.036167  0.185699    0.194160  0.956421  
16   0.007953   0.101804  0.077434  0.184273    0.190771  0.965936  
17   0.047946   0.304241  0.017520  0.196064    0.200652  0.977134  
18   0.037675   0.056397  0.022150  0.195746    0.193360  1.012339  
19   0.134288   0.027738  0.285445  0.196002    0.114976  1.704713  
20   0.184019   0.023658  0.305006  0.200854    0.115662  1.736565  
21   0.088308   0.034961  0.264002  0.208321    0.115262  1.807362  
22   0.115701   0.020322  0.267636  0.209499    0.115424  1.815035  
23   0.011959   0.065184  0.306488  0.214583    0.115506  1.857764  
24   0.050650   0.008557  0.314450  0.215591    0.114129  1.889008  
25   0.002396   0.044546  0.294205  0.218556    0.114869  1.902661  
26   0.062753   0.126369  0.373286  0.223496    0.115624  1.932964  
27   0.069759   0.018798  0.359906  0.218121    0.111670  1.953259  
28   0.006892   0.048433  0.272157  0.227841    0.115615  1.970679  
29   0.016760   0.118985  0.261160  0.262069    0.128609  2.037719  
30   0.103489   0.027645  0.354889  0.262003    0.128492  2.039065  
31   0.028919   0.008426  0.252619  0.268655    0.131689  2.040070  
32   0.058659   0.058874  0.314298  0.260650    0.127691  2.041260  
33   0.048968   0.006319  0.295934  0.248434    0.120813  2.056359  
34   0.008573   0.013285  0.314755  0.251107    0.122065  2.057159  
35   0.032070   0.004465  0.284346  0.257856    0.124360  2.073460  
36   0.065227   0.005183  0.313949  0.250674    0.119375  2.099892  
37   0.003774   0.040424  0.320629  0.251112    0.118428  2.120387  
38   0.010313   0.011254  0.390882  0.306115    0.134825  2.270462





In [2]: StockReturns
Out[2]: 
                AAPL      MSFT       XOM       JNJ       JPM      AMZN  \
Date                                                                     
2017-01-03  0.002849  0.007081  0.006980  0.005468  0.010894  0.005068   
2017-01-04 -0.001119 -0.004474 -0.011002 -0.001640  0.001844  0.004657   
2017-01-05  0.005085  0.000000 -0.014907  0.010463 -0.009205  0.030732   
2017-01-06  0.011148  0.008668 -0.000565 -0.004792  0.000116  0.019912   
2017-01-09  0.009159 -0.003183 -0.016497 -0.000172  0.000697  0.001168   
2017-01-10  0.001008 -0.000319 -0.012753 -0.001032  0.002901 -0.001280   
2017-01-11  0.005373  0.009103  0.010241 -0.012311  0.007521  0.003920   
2017-01-12 -0.004175 -0.009179 -0.005414 -0.000959 -0.009646  0.018297   
2017-01-13 -0.001761  0.001437  0.000116 -0.000174  0.005334  0.004302   
2017-01-17  0.008065 -0.002711  0.011697  0.002356 -0.036332 -0.009081   
2017-01-18 -0.000083 -0.000480 -0.012363 -0.001480  0.004668 -0.002766   
2017-01-19 -0.001750 -0.003200 -0.017965 -0.004359 -0.007625  0.001932   
2017-01-20  0.001837  0.007063  0.013690 -0.000438  0.004442 -0.000878   
2017-01-23  0.000667  0.003507 -0.010711 -0.002102  0.000478  0.011814   
2017-01-24 -0.000916  0.008895  0.001412 -0.018875  0.012066  0.005575   
2017-01-25  0.015921  0.002519  0.002938  0.009306  0.015463  0.017120   
2017-01-26  0.000492  0.009265  0.003047 -0.008511  0.008369  0.003144   
2017-01-27  0.000082  0.023495 -0.001051  0.013770  0.002075 -0.004028   
2017-01-30 -0.002624 -0.009882 -0.007601 -0.002205 -0.010353 -0.006449   
2017-01-31 -0.002302 -0.007370 -0.011431  0.001061 -0.016273 -0.008309   
2017-02-01  0.060981 -0.016551 -0.011324 -0.000177  0.003781  0.010771   
2017-02-02 -0.001709 -0.006449  0.006149  0.003003 -0.004238  0.009131   
2017-02-03  0.004279  0.008073  0.001078  0.000616  0.030618 -0.035419   
2017-02-06  0.009374 -0.000628 -0.002753 -0.002112 -0.004703 -0.003160   
2017-02-07  0.009517 -0.003300 -0.006482  0.000706 -0.000576  0.006018   
2017-02-08  0.003878 -0.001419 -0.006584 -0.000705 -0.008764  0.008874   
2017-02-09  0.007226  0.011367  0.004418  0.005997  0.014425  0.002013   
2017-02-10 -0.002265 -0.000937  0.008309  0.010168 -0.002294  0.007427   
2017-02-13  0.008855  0.011250  0.005817  0.005554  0.013218  0.010961   
2017-02-14  0.012979  0.003731 -0.002169  0.004142  0.015995 -0.000167   
...              ...       ...       ...       ...       ...       ...   
2017-11-16  0.011947  0.002651 -0.008004 -0.001654  0.002852  0.009408   
2017-11-17 -0.005552 -0.009615 -0.003972 -0.006265 -0.003351 -0.006516   
2017-11-20 -0.000999  0.001578  0.003863 -0.000507  0.008865 -0.003160   
2017-11-21  0.018590  0.014419  0.003973  0.002972 -0.000808  0.011702   
2017-11-22  0.010512 -0.007286  0.002844 -0.007590 -0.002931  0.014629   
2017-11-24  0.000057  0.001805  0.003946  0.005244 -0.003244  0.025810   
2017-11-27 -0.005029  0.007326 -0.003807  0.006780 -0.003967  0.008288   
2017-11-28 -0.005859  0.012042  0.006904  0.013903  0.035025 -0.001865   
2017-11-29 -0.020743 -0.018143  0.007347 -0.001500  0.023382 -0.027086   
2017-11-30  0.013984  0.009959  0.012398 -0.003433  0.007616  0.013330   
2017-12-01 -0.004655  0.001069  0.002041  0.004665  0.002583 -0.012237   
2017-12-04 -0.007308 -0.037740  0.001318 -0.006930  0.020613 -0.024433   
2017-12-05 -0.000942  0.006290 -0.008137  0.004748 -0.011501  0.006720   
2017-12-06 -0.003714  0.014585 -0.007359  0.009952 -0.007473  0.009443   
2017-12-07  0.001834 -0.003503  0.003281 -0.007444 -0.002954  0.006456   
2017-12-08  0.000295  0.020245  0.001333  0.004143  0.012521  0.001905   
2017-12-11  0.019484  0.012714  0.004476  0.003912 -0.002926  0.005955   
2017-12-12 -0.005618  0.004106 -0.003252  0.010344  0.011645 -0.003285   
2017-12-13  0.003320 -0.002688  0.004350  0.002034 -0.012541 -0.000815   
2017-12-14 -0.000290 -0.007733 -0.002647 -0.008678 -0.008056  0.008702   
2017-12-15  0.010161  0.025505  0.001568  0.005718  0.014141  0.004156   
2017-12-18  0.014083 -0.005412 -0.001084 -0.004633  0.007726  0.009702   
2017-12-19 -0.010656 -0.006367 -0.006028 -0.000141 -0.004207 -0.002688   
2017-12-20 -0.001089 -0.003612  0.005216 -0.004373 -0.003474 -0.008220   
2017-12-21  0.003785 -0.000234  0.011826 -0.000708  0.015922 -0.002429   
2017-12-22  0.000000  0.000117  0.001431 -0.006664 -0.003524 -0.005448   
2017-12-26 -0.025370 -0.001286  0.000119 -0.000214 -0.004002  0.007190   
2017-12-27  0.000176  0.003630 -0.000953  0.003426  0.001869  0.004674   
2017-12-28  0.002814  0.000117  0.001430 -0.000071  0.005316  0.003248   
2017-12-29 -0.010814 -0.002100 -0.004523 -0.005976 -0.007886 -0.014021   

                  GE        FB         T  Portfolio_EW  Portfolio_MCap  
Date                                                                    
2017-01-03  0.002848  0.015732  0.011521      0.007605        0.007132  
2017-01-04  0.000316  0.015660 -0.005811     -0.000174       -0.000329  
2017-01-05 -0.005678  0.016682 -0.002806      0.003374        0.003903  
2017-01-06  0.002855  0.022707 -0.019924      0.004458        0.006068  
2017-01-09 -0.004745  0.012074 -0.012585     -0.001565       -0.000478  
2017-01-10 -0.002861 -0.004404  0.000245     -0.002055       -0.001879  
2017-01-11  0.003188  0.013993 -0.004901      0.004014        0.004702  
2017-01-12 -0.002542  0.004203  0.009850      0.000048       -0.000691  
2017-01-13 -0.000956  0.013584 -0.001219      0.002296        0.002067  
2017-01-17 -0.002870 -0.003662  0.003662     -0.003209       -0.002109  
2017-01-18 -0.001279  0.000391 -0.007541     -0.002326       -0.002076  
2017-01-19 -0.000640 -0.002892  0.004902     -0.003511       -0.003620  
2017-01-20 -0.021788 -0.003998  0.010976      0.001212        0.001733  
2017-01-23 -0.025549  0.014877  0.013269      0.000694        0.001032  
2017-01-24  0.008403  0.003413 -0.015238      0.000526        0.001084  
2017-01-25  0.012333  0.016310  0.000725      0.010293        0.010613  
2017-01-26 -0.001646  0.009887  0.009181      0.003692        0.003646  
2017-01-27 -0.010224 -0.004519  0.005746      0.002816        0.003504  
2017-01-30 -0.001666 -0.009079 -0.004523     -0.006042       -0.006040  
2017-01-31 -0.008678 -0.005039  0.008130     -0.005579       -0.005676  
2017-02-01 -0.000337  0.022330 -0.002372      0.007456        0.011320  
2017-02-02 -0.000337 -0.017939 -0.020923     -0.003701       -0.003145  
2017-02-03  0.000674  0.001070  0.001700      0.001410        0.001367  
2017-02-06 -0.001347  0.008246 -0.004606     -0.000188        0.000750  
2017-02-07 -0.003372 -0.001666  0.001461      0.000256        0.000929  
2017-02-08 -0.004398  0.017900  0.002189      0.001219        0.001539  
2017-02-09  0.005437 -0.000447  0.002427      0.005874        0.006197  
2017-02-10  0.004393  0.000373  0.001695      0.002985        0.002456  
2017-02-13  0.010767 -0.001043 -0.017641      0.005304        0.006322  
2017-02-14  0.007989 -0.001492  0.002460      0.004830        0.005281  
...              ...       ...       ...           ...             ...  
2017-11-16 -0.000548  0.009216  0.021000      0.005208        0.005383  
2017-11-17 -0.002192 -0.003285 -0.000290     -0.004560       -0.005030  
2017-11-20 -0.012630 -0.001452  0.003767     -0.000075       -0.000027  
2017-11-21 -0.008343  0.017455 -0.008949      0.005668        0.007896  
2017-11-22  0.017947 -0.005444  0.015730      0.004268        0.003951  
2017-11-24  0.002204  0.010560 -0.001721      0.004962        0.004885  
2017-11-27 -0.003848  0.001368 -0.003735      0.000375        0.000450  
2017-11-28  0.016004 -0.003333  0.021338      0.010462        0.008392  
2017-11-29  0.003802 -0.039963  0.029927     -0.004775       -0.008167  
2017-11-30 -0.010281  0.011706 -0.002741      0.005837        0.007370  
2017-12-01 -0.022417 -0.011739  0.003299     -0.004155       -0.003970  
2017-12-04  0.003915 -0.020731  0.021096     -0.005578       -0.008339  
2017-12-05 -0.010585  0.007931 -0.019319     -0.002755       -0.001547  
2017-12-06 -0.005631  0.018689 -0.012038      0.001828        0.002467  
2017-12-07  0.002831  0.023174  0.001662      0.002815        0.002649  
2017-12-08  0.000000 -0.006328  0.015482      0.005511        0.005434  
2017-12-11 -0.003388  0.000223  0.004628      0.005009        0.006808  
2017-12-12  0.014731 -0.011617  0.032520      0.005508        0.003418  
2017-12-13 -0.008375  0.007572 -0.001575     -0.000969       -0.000399  
2017-12-14 -0.006757  0.000505 -0.007886     -0.003649       -0.003192  
2017-12-15  0.010204  0.010034  0.013248      0.010526        0.010964  
2017-12-18 -0.003367  0.003552  0.005753      0.002924        0.003581  
2017-12-19 -0.009572 -0.007245 -0.010660     -0.006396       -0.006607  
2017-12-20 -0.007959 -0.009025  0.013141     -0.002155       -0.002399  
2017-12-21  0.001146 -0.002473  0.008560      0.003933        0.003581  
2017-12-22  0.001717 -0.001409  0.001543     -0.001360       -0.001280  
2017-12-26  0.002877 -0.006828  0.003082     -0.002715       -0.004717  
2017-12-27 -0.002869  0.009262 -0.004352      0.001651        0.001854  
2017-12-28 -0.001151  0.001689  0.007457      0.002317        0.002184  
2017-12-29  0.005184 -0.008206 -0.007657     -0.006222       -0.006650  

[251 rows x 11 columns]












#Sort RandomPortfolios with the highest Sharpe value, ranking in descending order.
# Sort the portfolios by Sharpe ratio
sorted_portfolios = RandomPortfolios.sort_values(by=['Sharpe'], ascending=False)



#extract the first row, ie the row giving the best Sharpe ratio
# Extract the corresponding weights
MSR_weights = sorted_portfolios.iloc[0, 0:numstocks]

# Cast the MSR weights as a numpy array
MSR_weights_array = np.array(MSR_weights)



#Multiply MSR_weights_array across the rows of StockReturns to get weighted stock returns.
# Calculate the MSR portfolio returns
StockReturns['Portfolio_MSR'] = StockReturns.iloc[:, 0:numstocks].mul(MSR_weights_array, axis=1).sum(axis=1)



#Finally, review the plot of cumulative returns over time.
# Plot the cumulative returns
cumulative_returns_plot(['Portfolio_EW', 'Portfolio_MCap', 'Portfolio_MSR'])
















In [4]: sorted_portfolios
Out[4]: 
    AAPL weight  MSFT weight  XOM weight  JNJ weight  JPM weight  AMZN weight  \
38     0.007554     0.005733    0.007244    0.166724    0.382356     0.017941   
37     0.085198     0.057888    0.084809    0.243223    0.160696     0.003360   
36     0.031254     0.002058    0.072222    0.266291    0.194563     0.049253   
35     0.015458     0.017237    0.192526    0.199121    0.198919     0.055857   
34     0.123058     0.030525    0.024123    0.228753    0.184660     0.072268   
33     0.018652     0.045599    0.166631    0.213154    0.161138     0.043604   
32     0.019616     0.057628    0.093644    0.124549    0.230820     0.041911   
31     0.057232     0.061136    0.068663    0.192167    0.296906     0.033933   
30     0.030006     0.024362    0.190152    0.042507    0.205225     0.021725   
29     0.009149     0.007766    0.115405    0.209484    0.256138     0.005153   
28     0.095508     0.023499    0.091694    0.329482    0.092723     0.039612   
27     0.086586     0.015225    0.045223    0.340999    0.028686     0.034818   
26     0.024321     0.044714    0.003673    0.307706    0.056154     0.001024   
25     0.055276     0.128182    0.103368    0.342727    0.020867     0.008434   
24     0.038888     0.088030    0.051177    0.351303    0.029853     0.067092   
23     0.050343     0.049276    0.061947    0.364314    0.018871     0.071619   
22     0.089644     0.044089    0.114276    0.258648    0.053039     0.036644   
21     0.081322     0.106611    0.048776    0.320338    0.050057     0.005625   
20     0.046151     0.058439    0.089947    0.220340    0.024723     0.047716   
19     0.145399     0.065250    0.058789    0.278565    0.003622     0.000904   
18     0.048785     0.356973    0.013201    0.000384    0.129509     0.334926   
17     0.044244     0.019051    0.047196    0.000225    0.178764     0.340813   
16     0.032163     0.287307    0.066092    0.026823    0.023732     0.376692   
15     0.010113     0.126161    0.029105    0.010524    0.126614     0.270474   
14     0.105287     0.223079    0.055845    0.046822    0.033898     0.386452   
13     0.000445     0.087764    0.051641    0.062313    0.099403     0.282946   
12     0.012777     0.053918    0.019866    0.034819    0.039259     0.304745   
11     0.094205     0.146557    0.010402    0.019583    0.062857     0.273788   
10     0.167406     0.018348    0.025241    0.113060    0.023200     0.309083   
9      0.021353     0.069281    0.014999    0.036764    0.059347     0.134356   
8      0.268996     0.053900    0.002833    0.025432    0.008408     0.322627   
7      0.169201     0.209762    0.012899    0.021552    0.005978     0.319981   
6      0.007655     0.169038    0.023114    0.032340    0.004398     0.085970   
5      0.030217     0.004305    0.107714    0.029107    0.029903     0.188373   
4      0.131309     0.002733    0.002360    0.047573    0.050633     0.289410   
3      0.096565     0.016775    0.118409    0.037725    0.020013     0.045195   
2      0.207824     0.002132    0.005982    0.041657    0.007498     0.406642   
1      0.042360     0.034922    0.079355    0.043057    0.001435     0.202032   
0      0.000053     0.263110    0.007022    0.040087    0.000027     0.024316   

    GE weight  FB weight  T weight   Returns  Volatility    Sharpe  
38   0.010313   0.011254  0.390882  0.306115    0.134825  2.270462  
37   0.003774   0.040424  0.320629  0.251112    0.118428  2.120387  
36   0.065227   0.005183  0.313949  0.250674    0.119375  2.099892  
35   0.032070   0.004465  0.284346  0.257856    0.124360  2.073460  
34   0.008573   0.013285  0.314755  0.251107    0.122065  2.057159  
33   0.048968   0.006319  0.295934  0.248434    0.120813  2.056359  
32   0.058659   0.058874  0.314298  0.260650    0.127691  2.041260  
31   0.028919   0.008426  0.252619  0.268655    0.131689  2.040070  
30   0.103489   0.027645  0.354889  0.262003    0.128492  2.039065  
29   0.016760   0.118985  0.261160  0.262069    0.128609  2.037719  
28   0.006892   0.048433  0.272157  0.227841    0.115615  1.970679  
27   0.069759   0.018798  0.359906  0.218121    0.111670  1.953259  
26   0.062753   0.126369  0.373286  0.223496    0.115624  1.932964  
25   0.002396   0.044546  0.294205  0.218556    0.114869  1.902661  
24   0.050650   0.008557  0.314450  0.215591    0.114129  1.889008  
23   0.011959   0.065184  0.306488  0.214583    0.115506  1.857764  
22   0.115701   0.020322  0.267636  0.209499    0.115424  1.815035  
21   0.088308   0.034961  0.264002  0.208321    0.115262  1.807362  
20   0.184019   0.023658  0.305006  0.200854    0.115662  1.736565  
19   0.134288   0.027738  0.285445  0.196002    0.114976  1.704713  
18   0.037675   0.056397  0.022150  0.195746    0.193360  1.012339  
17   0.047946   0.304241  0.017520  0.196064    0.200652  0.977134  
16   0.007953   0.101804  0.077434  0.184273    0.190771  0.965936  
15   0.073727   0.317116  0.036167  0.185699    0.194160  0.956421  
14   0.016693   0.112212  0.019712  0.174547    0.193093  0.903951  
13   0.064836   0.341587  0.009066  0.176663    0.195505  0.903623  
12   0.081830   0.350323  0.102465  0.172652    0.194298  0.888590  
11   0.084983   0.293374  0.014251  0.166175    0.194416  0.854738  
10   0.053149   0.288906  0.001606  0.156732    0.190583  0.822381  
9    0.309673   0.332525  0.021702  0.142921    0.174062  0.821093  
8    0.148876   0.139105  0.029822  0.149417    0.182563  0.818441  
7    0.227702   0.025310  0.007615  0.143907    0.176766  0.814110  
6    0.263038   0.360287  0.054160  0.142178    0.175248  0.811296  
5    0.269350   0.332927  0.008105  0.142316    0.175777  0.809639  
4    0.313717   0.157123  0.005141  0.138304    0.171473  0.806565  
3    0.512282   0.153015  0.000020  0.118787    0.148958  0.797450  
2    0.064929   0.229260  0.034075  0.155952    0.201185  0.775170  
1    0.225924   0.362324  0.008590  0.138614    0.182723  0.758601  
0    0.355899   0.299400  0.010087  0.127453    0.171565  0.742884













In [5]: MSR_weights
Out[5]: 
AAPL weight    0.007554
MSFT weight    0.005733
XOM weight     0.007244
JNJ weight     0.166724
JPM weight     0.382356
AMZN weight    0.017941
GE weight      0.010313
FB weight      0.011254
T weight       0.390882
Name: 38, dtype: float64


