A = [1 2; 3 4; 5 6];
B = [1 2 3; 4 5 6];

%A
%A =
%     1     2
%     3     4
%     5     6

%B
%B =
%     1     2     3
%     4     5     6


%A 3x2
%B 2x3
%A*B 3x3
%B'*A 3x2 x 3x2 => not possible














v = zeros(10, 1);
A = [1 2 3 4 5 6 7 8 9 10; 1 2 3 4 5 6 7 8 9 10; 1 2 3 4 5 6 7 8 9 10; 1 2 3 4 5 6 7 8 9 10; 1 2 3 4 5 6 7 8 9 10; 1 2 3 4 5 6 7 8 9 10; 1 2 3 4 5 6 7 8 9 10; 1 2 3 4 5 6 7 8 9 10; 1 2 3 4 5 6 7 8 9 10; 1 2 3 4 5 6 7 8 9 10]
x = [1 2 3 4 5 6 7 8 9 10]
%v =
%     0
%     0
%     0
%     0
%     0
%     0
%     0
%     0
%     0
%     0

%A =
%     1     2     3     4     5     6     7     8     9    10
%     1     2     3     4     5     6     7     8     9    10
%     1     2     3     4     5     6     7     8     9    10
%     1     2     3     4     5     6     7     8     9    10
%     1     2     3     4     5     6     7     8     9    10
%     1     2     3     4     5     6     7     8     9    10
%     1     2     3     4     5     6     7     8     9    10
%     1     2     3     4     5     6     7     8     9    10
%     1     2     3     4     5     6     7     8     9    10
%     1     2     3     4     5     6     7     8     9    10
     
%x =
%     1     2     3     4     5     6     7     8     9    10




%for i = 1:10
%  for j = 1:10
%    v(i) = v(i) + A(i, j) * x(j);
%  end
%end
%v =
%   385
%   385
%   385
%   385
%   385
%   385
%   385
%   385
%   385
%   385




% v = A * x; 
% v = Ax; 
% v = x' * A; 
% v = sum (A * x); 